0 0.566015625 0.866015625 0.12578125 0.20703125
1 0.60625 0.7203125 0.115625 0.1875
0 0.6359375 0.62421875 0.103125 0.1390625
0 0.653515625 0.52265625 0.10078125 0.1484375
0 0.675 0.451953125 0.084375 0.11953125
0 0.69140625 0.374609375 0.0828125 0.10859375
0 0.706640625 0.31953125 0.08203125 0.0984375
0 0.7234375 0.271484375 0.08125 0.08359375
0 0.734765625 0.2265625 0.06640625 0.071875
0 0.43671875 0.866015625 0.1390625 0.16953125
0 0.576171875 0.437109375 0.09296875 0.09296875
0 0.6015625 0.375390625 0.090625 0.07890625
0 0.620703125 0.3140625 0.09140625 0.078125
0 0.6359375 0.265625 0.084375 0.0625
0 0.657421875 0.22265625 0.06796875 0.0515625
0 0.312890625 0.400390625 0.06015625 0.10703125
0 0.34921875 0.341796875 0.0609375 0.09296875
0 0.3875 0.294921875 0.059375 0.09296875
0 0.41640625 0.246875 0.0578125 0.075
0 0.44375 0.20625 0.059375 0.078125
0 0.46875 0.173046875 0.05625 0.07109375
0 0.179296875 0.44453125 0.06484375 0.1234375
0 0.22890625 0.38515625 0.0640625 0.1015625
0 0.276171875 0.329296875 0.05859375 0.09609375
0 0.312890625 0.276171875 0.05390625 0.08046875
0 0.34765625 0.2375 0.0546875 0.084375
0 0.3796875 0.203515625 0.05625 0.07890625
0 0.407421875 0.170703125 0.04921875 0.06953125